1000000000000000
1000000000000000
1000000000000000
1000000000000000
1000000000000000
1000000000000000
0000000000000000
0000000000000000
0000000000000000
0000000000000000
0000000000000000
0000000000000000
0000000000000000
0000000000000000
0000000000000000
0000000000000000
0000000000000000
0100000000000000
0100000000000000
0100000000000000
0100000000000000
0100000000000000
0100000000000000
0000000000000000
0000000000000000
0000000000000000
0000000000000000
0000000000000000
0010000000000000
0010000000000000
0010000000000000
0000000000000000
0000000000000000
1111111111111111
